615 353
338 630
376 495
454 344
450 733
566 362
464 522
627 409
591 523
235 349
553 570
697 360
404 472
419 221
281 298
516 577
365 328
241 584
707 395
531 376
473 312
692 568
301 518
247 657
497 350
518 193
498 233
434 589
310 271
215 626
223 550
274 552
332 713
206 472
172 538
407 667
547 471
585 325
480 650
356 565
454 414
264 616
639 272
410 265
575 604
276 371
318 435
575 641
397 301
284 410
316 599
672 466
307 216
489 421
358 290
194 430
601 490
369 601
254 517
498 608
692 430
443 651
438 180
159 398
623 310
634 601
415 625
325 311
342 196
664 338
240 309
296 640
364 680
598 382
242 420
162 501
507 682
560 699
643 374
559 399
177 355
321 671
426 384
436 305
672 606
547 671
525 716
498 513
714 458
498 388
211 510
196 585
386 441
305 342
461 616
382 236
523 411
388 362
459 226
622 660
158 459
354 417
298 478
434 693
372 724
276 684
470 690
474 578
674 503
450 269
557 436
351 362
219 383
339 529
449 554
660 534
392 401
487 723
537 232
415 539
274 239
529 275
539 606
709 497
537 338
399 573
375 535
374 639
241 260
555 306
415 338
276 446
439 455
413 734
622 544
562 536
353 458
420 425
473 454
702 533
480 189
565 265
490 274
509 313
669 402
427 503
336 493
501 476
492 548
527 540
385 185
632 468
197 315
530 503
598 576
630 503
315 560
608 628
597 285
516 642
460 379
320 386
343 247
587 417
579 219
567 500
651 436
594 453
593 679
519 447
648 633
610 241
