17
15
14
13
16
13
14
15
21
17
13
14
14
18
17
14
16
14
24
12
14
15
13
16
14
21
16
13
14
16
16
15
16
17
12
16
13
14
14
11
13
16
16
16
15
16
15
13
15
15
14
11
17
14
14
14
14
15
16
14
13
15
17
17
15
13
14
16
15
16
14
16
16
13
15
19
13
20
15
13
17
17
14
14
13
12
18
14
11
15
15
16
15
16
14
15
14
14
18
14
20
15
16
13
15
17
16
16
14
17
12
17
17
14
16
14
14
12
16
15
15
14
18
11
14
16
13
17
20
15
15
14
13
17
19
13
13
14
14
21
13
16
15
16
15
15
13
13
15
15
16
14
21
13
17
12
16
15
17
16
13
13
17
15
17
15
13
13
18
16
12
23
