438
202
320
464
102
432
292
376
272
484
234
428
340
584
516
232
480
256
394
422
496
232
308
190
452
600
568
234
546
220
294
280
124
364
300
162
330
470
174
258
396
224
520
546
206
450
388
175
508
414
234
324
596
382
522
402
306
228
318
204
358
174
620
434
480
206
198
506
610
450
516
198
154
410
404
350
144
120
412
400
478
170
428
500
194
156
108
295
328
422
330
260
376
476
204
574
392
448
576
146
384
400
348
134
120
168
236
136
290
538
362
450
444
296
264
262
412
104
560
276
580
526
204
294
456
248
288
186
558
492
476
376
357
102
248
266
360
388
356
264
612
528
528
486
384
310
328
328
262
266
620
326
516
302
228
286
268
178
508
174
430
436
560
380
572
301
358
135
346
360
174
548
