22
14
11
17
20
11
16
22
20
20
12
17
16
11
21
20
21
18
11
11
18
18
22
19
20
22
21
16
16
22
22
11
20
13
21
19
21
16
19
22
15
17
20
18
15
19
15
12
19
16
14
17
19
16
16
17
22
19
22
17
20
19
20
20
19
20
20
22
19
22
18
17
19
17
11
19
22
16
21
16
22
21
16
17
16
18
15
15
20
22
19
14
17
19
18
21
18
16
21
17
15
14
19
15
19
22
15
22
20
21
17
18
20
19
20
15
20
22
19
20
20
15
17
21
17
22
19
18
19
22
21
19
13
17
18
17
16
13
16
18
19
18
18
18
22
17
16
16
20
17
19
22
18
17
17
22
20
16
20
20
18
7
18
9
20
12
20
8
22
21
10
22
