914
668
708
768
756
868
778
914
880
598
846
984
730
748
628
814
700
586
986
835
790
968
630
590
810
842
818
748
658
574
574
614
660
572
530
718
842
888
782
682
762
604
938
736
864
630
664
866
724
638
646
958
662
798
698
568
886
692
594
804
976
750
770
538
926
916
730
664
692
960
596
636
686
896
604
532
808
856
938
860
558
648
744
758
954
844
824
803
992
808
566
548
714
652
770
716
826
714
780
908
534
691
646
738
692
618
785
768
958
772
856
684
586
670
762
938
714
786
852
732
630
838
834
990
846
716
704
696
602
854
736
632
758
727
910
850
686
740
780
978
806
870
808
820
954
752
678
806
804
850
726
924
554
830
886
916
648
894
900
818
774
658
686
883
886
861
938
880
888
826
924
920
